120
120
120
120
120
120
120
120
121
122
122
122
123
133
133
133
132
132
132
133
132
132
132
133
134
134
134
255
255
255
255
255
255
255
255
255
255
255
255
255
255
255
255
255
255
255
255
255
255
255
255
255
255
255
255
255
255
255
255
255
255
160
160
159
160
160
160
160
255
255
255
255
255
255
255
255
255
255
83
82
81
81
80
80
79
79
79
79
79
79
79
79
79
79
79
79
79
79
79
79
79
80
80
80
81
255
86
83
83
83
84
33
88
255
32
32
31
31
30
30
29
29
28
28
28
28
28
27
27
27
27
27
27
27
27
27
27
27
27
27
27
27
27
28
28
28
28
28
28
28
29
29
30
30
31
32
33
33
255
255
255
255
255
127
125
123
123
123
122
122
122
122
121
121
120
120
120
120
120
120
