28
28
28
28
28
28
28
28
28
28
29
29
29
29
30
30
30
31
31
31
32
32
32
34
48
49
40
40
40
40
39
40
39
39
38
38
38
37
37
37
37
37
37
37
37
37
37
37
37
37
37
37
37
37
38
38
38
38
39
39
39
40
40
41
41
41
42
61
61
62
62
49
50
49
49
49
48
48
47
47
46
46
46
46
46
46
46
46
46
46
46
46
46
46
46
46
46
46
46
46
46
47
47
47
47
48
48
49
50
255
255
255
255
255
255
255
255
255
255
255
255
255
255
255
255
169
168
168
167
167
167
167
167
167
167
167
167
167
167
168
168
168
255
255
255
255
255
255
255
255
255
255
255
255
255
255
255
255
255
255
33
33
32
32
32
31
31
30
30
30
30
29
29
29
29
29
29
29
29
29
