30
30
30
30
30
30
30
30
30
30
31
31
31
31
31
32
31
33
34
34
31
32
42
31
35
30
29
29
28
28
27
27
27
26
26
26
26
26
25
25
25
24
24
24
24
24
24
24
24
24
24
24
24
24
24
25
25
25
25
25
25
26
26
26
27
27
28
29
28
29
29
30
30
205
32
205
205
205
206
205
206
207
207
255
255
255
255
255
255
255
255
255
255
255
255
255
255
255
255
255
255
255
255
255
255
255
255
255
255
255
255
255
255
255
255
255
57
57
55
55
54
54
54
54
53
53
53
53
53
52
52
52
52
52
53
53
53
53
53
53
53
53
53
53
54
54
55
55
57
62
62
65
65
63
35
35
34
33
33
33
33
32
32
31
31
31
31
31
31
30
30
30
30
30
30
30
30
30
30
30
