27
27
27
27
27
27
27
27
27
27
28
28
28
28
28
28
29
29
29
30
30
30
31
31
32
34
60
59
58
53
53
52
52
51
50
50
50
49
49
49
49
49
49
48
48
48
48
48
48
48
48
48
48
48
48
48
48
49
49
49
49
49
50
50
51
52
255
255
255
255
221
221
220
221
221
221
222
255
255
255
255
255
255
255
255
255
255
255
255
255
255
255
173
174
174
174
255
255
255
255
255
255
255
255
255
255
255
255
255
35
34
33
33
33
32
31
31
30
30
30
30
29
29
29
29
28
28
28
28
28
28
28
28
28
28
28
28
28
28
28
28
28
28
28
29
29
29
29
30
30
30
31
31
31
31
33
44
31
31
30
30
30
30
29
29
29
28
28
28
28
28
27
27
27
27
27
27
27
27
27
