72
71
71
71
71
72
72
72
72
72
72
72
73
73
73
74
74
75
75
76
76
77
77
78
80
80
80
80
80
80
191
191
191
191
191
191
192
192
192
193
194
156
154
154
154
154
154
255
255
163
163
162
160
160
163
163
161
160
161
162
162
162
162
162
162
162
163
164
171
172
173
172
171
172
172
172
172
172
173
173
173
173
132
130
131
130
130
130
130
130
130
130
130
130
130
130
130
131
131
132
133
141
255
255
141
141
141
142
255
255
255
255
255
255
255
255
255
255
55
54
54
53
53
53
52
52
52
52
51
51
51
51
51
51
51
51
51
51
51
51
51
51
52
52
52
52
52
53
53
54
54
92
92
92
92
92
91
91
91
91
91
76
76
75
74
74
74
73
73
72
72
72
72
72
72
71
71
71
71
71
